641
347
292
705
685
164
715
550
539
971
501
968
471
970
823
954
832
787
957
474
257
486
979
286
838
747
544
883
820
619
6
241
162
52
594
596
456
268
599
332
272
336
362
234
994
232
757
141
798
383
242
528
117
460
920
584
89
306
260
317
92
239
943
335
914
741
552
484
258
54
966
620
990
333
504
35
773
976
168
697
14
857
495
63
646
729
549
45
825
547
397
8
277
526
597
4
960
698
108
760
461
50
699
112
842
253
160
91
59
275
663
309
444
463
313
564
230
563
256
171
442
5
215
64
839
708
351
431
219
746
26
703
899
985
83
910
812
271
487
904
386
751
197
689
907
240
490
870
984
817
744
638
24
570
481
387
695
269
388
615
28
237
532
464
938
667
769
352
748
515
737
435
647
301
154
755
125
492
736
380
721
303
768
254
679
290
874
836
871
724
506
879
818
604
585
809
944
557
556
178
129
686
513
767
922
947
731
423
793
222
479
681
566
898
579
541
711
213
415
572
367
900
343
806
608
480
236
927
508
465
827
220
289
986
375
76
443
475
636
600
82
291
285
889
945
730
602
593
119
130
962
833
574
281
692
657
794
590
535
369
382
327
834
975
122
46
315
792
631
161
707
295
403
605
858
521
266
632
691
62
546
396
296
893
502
143
390
548
399
276
404
107
248
713
103
583
87
144
280
165
728
540
925
777
850
310
759
366
848
288
696
470
821
70
94
799
428
645
457
953
702
201
958
436
12
929
473
247
419
13
374
345
654
356
906
392
571
855
20
626
868
719
610
273
198
601
394
965
523
214
81
588
199
494
27
653
328
88
774
911
252
53
592
993
190
529
733
55
651
901
319
189
489
522
734
543
106
74
662
568
149
68
704
452
75
743
999
101
614
784
516
361
325
311
134
420
466
187
987
606
972
279
307
727
928
417
349
665
233
849
791
939
11
527
265
591
687
395
127
299
250
43
991
661
65
147
360
398
781
379
678
863
668
32
364
293
732
412
859
476
173
115
956
634
118
712
919
223
505
259
49
896
735
434
499
948
684
664
725
581
158
370
249
137
267
226
23
648
701
804
148
560
438
18
913
78
917
844
950
856
761
477
123
300
145
284
500
212
877
627
622
934
992
923
996
959
813
867
952
66
